534.350341796875
200.4394073486328
85.33597564697266
86.23112487792969
60.55012512207031
48.831459045410156
45.17816162109375
44.08646011352539
43.72480010986328
43.557979583740234
43.323570251464844
42.869991302490234
42.315616607666016
41.88484191894531
41.62717819213867
41.46208953857422
41.276649475097656
41.102272033691406
40.88451385498047
40.60579299926758
40.390621185302734
40.23676300048828
40.07319641113281
39.96512222290039
39.76231002807617
39.59931564331055
39.4261360168457
39.26120376586914
39.09505844116211
38.984336853027344
38.86298751831055
38.75273895263672
38.63856887817383
38.544002532958984
38.48396682739258
38.269447326660156
38.17756652832031
38.1001091003418
38.05350112915039
37.903221130371094
37.80863952636719
37.74393844604492
37.64591598510742
37.56010818481445
37.4587287902832
37.40238952636719
37.33515930175781
37.273902893066406
37.199649810791016
37.14767837524414
37.16126251220703
37.01533889770508
36.96370315551758
36.92361068725586
36.87556457519531
36.81494140625
36.775604248046875
36.75486373901367
36.659828186035156
36.637176513671875
36.56922149658203
36.540611267089844
36.51014709472656
36.49055862426758
36.44584655761719
36.3943977355957
36.51402282714844
36.347068786621094
36.28181076049805
36.28650665283203
36.22553253173828
36.20685958862305
36.17701721191406
36.17461013793945
36.15312194824219
36.10902786254883
36.07341003417969
36.05378723144531
36.00588607788086
35.99183654785156
35.94729995727539
35.931602478027344
35.91328811645508
35.88093185424805
35.882118225097656
35.85194396972656
35.81636428833008
35.801727294921875
35.78396224975586
35.728824615478516
35.710880279541016
35.69221115112305
35.70749282836914
35.66413497924805
35.62673568725586
35.60837936401367
35.57830047607422
35.58864974975586
35.54899215698242
35.544700622558594
35.516456604003906
35.49787902832031
35.433555603027344
35.44415283203125
35.42407989501953
35.3901481628418
35.38132095336914
35.361324310302734
35.321048736572266
35.344078063964844
35.319313049316406
35.287567138671875
35.25465393066406
35.23060989379883
35.2251091003418
35.19424819946289
35.180213928222656
35.1456184387207
35.13363265991211
35.11253356933594
35.069095611572266
35.05044937133789
35.04646682739258
35.02872085571289
35.00632858276367
35.02214813232422
34.98820114135742
34.99192810058594
34.97770309448242
34.956878662109375
34.909671783447266
34.89375686645508
34.89079666137695
34.8566780090332
34.849239349365234
34.879215240478516
34.840492248535156
34.80447006225586
34.7850341796875
34.783817291259766
34.765464782714844
34.74968338012695
34.71836853027344
34.71219253540039
34.69062805175781
34.69083786010742
34.685245513916016
34.67475891113281
34.67546081542969
34.73534393310547
34.6353874206543
34.7153434753418
34.70415496826172
34.69414138793945
34.65762710571289
34.63552474975586
34.64178466796875
34.586952209472656
34.592350006103516
34.59931945800781
34.55485534667969
34.51068878173828
34.53291320800781
34.52234649658203
34.52659225463867
34.4599723815918
34.40894317626953
34.40409469604492
34.42033386230469
34.43039321899414
34.38901901245117
34.3667106628418
34.38496017456055
34.32624435424805
34.338382720947266
34.341163635253906
34.33058547973633
34.335296630859375
34.348609924316406
34.32920455932617
34.29894256591797
34.27410125732422
34.26469039916992
34.23295211791992
34.20838928222656
34.25514602661133
34.21041488647461
34.23591995239258
34.2381591796875
34.32596969604492
34.38345718383789
34.40327453613281
34.42155838012695
34.260311126708984
34.18875503540039
34.2072868347168
34.25580978393555
34.30811309814453
34.193172454833984
34.11625289916992
34.1539192199707
34.20176315307617
34.194583892822266
34.09916305541992
34.11238479614258
34.1295280456543
34.09611129760742
34.0702018737793
34.034603118896484
34.0643424987793
34.065155029296875
34.039512634277344
34.000675201416016
33.99570846557617
34.03331756591797
33.983219146728516
33.985530853271484
33.9447021484375
33.96929168701172
33.986114501953125
33.99165725708008
33.93790817260742
33.915679931640625
33.91056823730469
33.9463005065918
33.99418640136719
33.92753982543945
33.92612075805664
33.9095458984375
33.92253875732422
33.89181900024414
33.878604888916016
33.94407653808594
33.965091705322266
33.9434928894043
33.978904724121094
33.942901611328125
33.9574089050293
33.927452087402344
33.87131881713867
33.868717193603516
33.874908447265625
33.910945892333984
33.934452056884766
33.91230392456055
33.856815338134766
33.82174301147461
33.8243408203125
33.800682067871094
33.86160659790039
33.843746185302734
33.86751937866211
33.84352111816406
33.82265090942383
33.8442497253418
33.82637023925781
33.84427261352539
33.815067291259766
33.86989974975586
33.90215301513672
33.94324493408203
33.945030212402344
33.83970642089844
33.81459426879883
33.77119064331055
33.757511138916016
33.82364273071289
33.83074951171875
33.8218994140625
33.798030853271484
33.78702163696289
33.76747131347656
33.84827423095703
33.79650115966797
33.784690856933594
33.75593185424805
33.72578430175781
33.75460433959961
33.74675369262695
33.71538543701172
33.72239685058594
33.7159423828125
33.70234298706055
33.68586349487305
33.71409606933594
33.67645263671875
33.68720245361328
33.670631408691406
33.6832275390625
33.66801071166992
33.67561340332031
33.68378829956055
33.68684005737305
33.779014587402344
33.78220748901367
33.861358642578125
33.977481842041016
33.91725540161133
33.830528259277344
33.77450942993164
33.79279327392578
33.79753494262695
33.82269287109375
33.72245407104492
33.75614929199219
33.80091094970703
33.77708053588867
33.7010383605957
33.680763244628906
33.73930358886719
33.77606201171875
33.71770095825195
33.736053466796875
33.69364547729492
33.713504791259766
33.681068420410156
33.682151794433594
33.65206527709961
33.65807342529297
33.64387512207031
33.58907699584961
33.647071838378906
33.64748764038086
33.61045455932617
33.5997200012207
33.58598709106445
33.62551498413086
33.57855987548828
33.58997344970703
33.595985412597656
33.57270812988281
33.57367706298828
33.54093933105469
33.536163330078125
33.556636810302734
33.53319549560547
33.560359954833984
33.56266784667969
33.54619598388672
33.531005859375
33.55500411987305
33.550148010253906
33.504241943359375
33.54093933105469
33.52742385864258
33.53193283081055
33.52032470703125
33.54021072387695
33.51216506958008
33.53061294555664
33.52314376831055
33.54471969604492
33.616153717041016
33.68644714355469
33.76414489746094
33.76356506347656
33.66162872314453
33.55646896362305
33.500545501708984
33.4967155456543
33.54694747924805
33.61160659790039
33.60198211669922
33.527122497558594
33.46293640136719
33.45269012451172
33.50008010864258
33.537208557128906
33.52164077758789
33.49140167236328
33.48450469970703
33.444175720214844
33.49171829223633
33.50049591064453
33.50703811645508
33.440101623535156
33.426204681396484
33.48463439941406
33.4635009765625
33.53639221191406
33.46275329589844
33.432979583740234
33.42360305786133
33.47783660888672
33.48530197143555
33.50244903564453
33.58047103881836
33.53657150268555
33.463375091552734
33.414825439453125
33.42115783691406
33.44230651855469
33.41361618041992
33.45003890991211
33.4144287109375
33.44723892211914
33.39909744262695
33.40146255493164
33.43470001220703
33.42443084716797
33.436161041259766
33.404144287109375
33.390689849853516
33.3778190612793
33.38825988769531
33.38081741333008
33.41166305541992
33.45298767089844
33.409820556640625
33.39529800415039
33.44189453125
33.40711975097656
33.3863410949707
33.377262115478516
33.41899490356445
33.4024658203125
33.42823791503906
33.43209457397461
33.43128204345703
33.435665130615234
33.42519760131836
33.42021942138672
33.37187576293945
33.33830642700195
33.32283020019531
33.306724548339844
33.33086395263672
33.31332778930664
33.30519485473633
33.30867004394531
33.414337158203125
33.311519622802734
33.32057189941406
33.355064392089844
33.35097122192383
33.3453483581543
33.3651123046875
33.347904205322266
33.39183807373047
33.461830139160156
33.501121520996094
33.512996673583984
33.445682525634766
33.297237396240234
33.30329513549805
33.35564041137695
33.34961700439453
33.39337921142578
33.333683013916016
33.29901123046875
33.2872314453125
33.27204513549805
33.32609176635742
33.28602600097656
33.27421569824219
33.27125549316406
33.3487548828125
33.28146743774414
33.228702545166016
33.2130241394043
33.203941345214844
33.222747802734375
33.21653747558594
33.18666458129883
33.16325378417969
33.157989501953125
33.19831848144531
33.21038818359375
33.16046905517578
33.18603515625
33.17314147949219
33.278282165527344
33.21567153930664
33.2784538269043
33.34245681762695
33.45510482788086
33.511043548583984
33.452613830566406
33.35342025756836
33.1943244934082
33.16451644897461
33.30640411376953
33.42389678955078
33.4610595703125
33.31705856323242
33.16627883911133
33.28445053100586
33.25975036621094
33.33083724975586
33.291839599609375
33.14633560180664
33.15906524658203
33.24488830566406
33.292266845703125
33.203277587890625
33.21751022338867
33.295108795166016
33.49718475341797
33.62773132324219
33.402000427246094
33.41486740112305
33.54546356201172
33.48183059692383
33.40235137939453
33.291770935058594
33.261600494384766
33.32060241699219
33.272361755371094
33.207584381103516
33.23822784423828
33.281463623046875
33.16297149658203
33.21430206298828
33.222991943359375
33.179771423339844
33.12117004394531
33.10956573486328
33.162750244140625
33.11250305175781
33.07927322387695
33.15887451171875
33.08112716674805
33.05802917480469
33.079769134521484
33.03247833251953
33.05294418334961
32.99945831298828
33.03426742553711
32.986778259277344
33.030555725097656
32.95851135253906
32.958404541015625
33.005584716796875
32.9409065246582
32.92241668701172
32.95793533325195
32.94607162475586
32.966331481933594
32.91222381591797
32.9366340637207
32.924095153808594
32.927223205566406
32.92494583129883
32.879119873046875
32.892826080322266
32.885231018066406
32.89691925048828
32.871707916259766
32.89064025878906
32.885528564453125
32.89232635498047
32.85847854614258
32.867271423339844
32.88494873046875
32.88925552368164
32.899288177490234
32.878089904785156
32.8709602355957
32.88039016723633
32.91136932373047
32.94502639770508
32.957862854003906
32.998870849609375
33.10240173339844
33.16091537475586
33.131256103515625
32.969093322753906
32.92801284790039
32.8638801574707
32.901771545410156
32.973175048828125
32.963958740234375
32.956024169921875
32.90128707885742
32.841529846191406
32.85551452636719
32.89073944091797
32.89750289916992
32.903263092041016
32.8601188659668
32.83310317993164
32.88740539550781
32.81943893432617
32.826995849609375
32.816898345947266
32.80690383911133
32.835411071777344
32.7918815612793
32.83219528198242
32.83792495727539
32.82394027709961
32.78580093383789
32.78801345825195
32.84117126464844
32.80915832519531
32.78561019897461
32.78611373901367
32.76333999633789
32.84159851074219
32.75974655151367
32.78108596801758
32.75920486450195
32.766136169433594
32.78870391845703
32.73623275756836
32.76819610595703
32.791439056396484
32.836212158203125
32.937137603759766
33.157344818115234
33.48894500732422
33.566810607910156
33.25486373901367
33.03546142578125
33.08561325073242
33.270408630371094
33.27052688598633
33.16713333129883
33.02278137207031
33.24171829223633
33.260135650634766
33.003910064697266
33.1199836730957
33.2308464050293
32.94031524658203
33.07442855834961
33.14118957519531
32.93281173706055
33.05939483642578
33.005489349365234
32.974754333496094
32.98505783081055
32.92423629760742
32.880489349365234
32.86834716796875
32.870487213134766
32.84296798706055
32.834930419921875
32.81871032714844
32.82310485839844
32.84553527832031
32.8486328125
32.820770263671875
32.802371978759766
32.77796936035156
32.78292465209961
32.79532241821289
32.814640045166016
32.796180725097656
32.74042892456055
32.76312255859375
32.739437103271484
32.75703048706055
32.7486457824707
32.73654556274414
32.71674346923828
32.7263298034668
32.722251892089844
32.743988037109375
32.733177185058594
32.72190856933594
32.727439880371094
32.69248580932617
32.6967658996582
32.67356491088867
32.7022590637207
32.67213821411133
32.66878128051758
32.72677230834961
32.67430114746094
32.669456481933594
32.682411193847656
32.68208694458008
32.698246002197266
32.689693450927734
32.70587921142578
32.674293518066406
32.68374252319336
32.659400939941406
32.65790939331055
32.709510803222656
32.66353988647461
32.64686584472656
32.683956146240234
32.6425666809082
32.66162872314453
32.66464614868164
32.68077850341797
32.69472885131836
32.65718460083008
32.62565231323242
32.63330841064453
32.61809539794922
32.63429260253906
32.61088180541992
32.643924713134766
32.62859344482422
32.615657806396484
32.633975982666016
32.6473503112793
32.69622802734375
32.73747253417969
32.78413391113281
32.76913070678711
32.79410171508789
32.77532196044922
32.804866790771484
32.822471618652344
32.806880950927734
32.73578643798828
32.70498275756836
32.72859191894531
32.74982452392578
32.73393249511719
32.701988220214844
32.708866119384766
32.73035430908203
32.70964813232422
32.678104400634766
32.6514892578125
32.66292953491211
32.674625396728516
32.70949172973633
32.665767669677734
32.63334655761719
32.6563606262207
32.604373931884766
32.66078567504883
32.63361358642578
32.65163040161133
32.62253189086914
32.62223434448242
32.66394805908203
32.63129425048828
32.63948059082031
32.6080207824707
32.69505310058594
32.627784729003906
32.60018539428711
32.610450744628906
32.59099197387695
32.607688903808594
32.58351516723633
32.614891052246094
32.61431884765625
32.61873245239258
32.57822799682617
32.611053466796875
32.583866119384766
32.56244659423828
32.6143798828125
32.66352844238281
32.620147705078125
32.63970947265625
32.67229461669922
32.7197151184082
32.76584243774414
32.79498291015625
32.712154388427734
32.66382598876953
32.638526916503906
32.637245178222656
32.66899871826172
32.70738220214844
32.72014617919922
32.68750762939453
32.63907241821289
32.60390090942383
32.59669876098633
32.58493423461914
32.639404296875
32.671165466308594
32.61223602294922
32.592952728271484
32.61155319213867
32.57979965209961
32.58559799194336
32.57410430908203
32.57028579711914
32.56675720214844
32.568965911865234
32.59893035888672
32.56620407104492
32.556785583496094
32.55759811401367
32.55066680908203
32.54594039916992
32.59656524658203
32.571861267089844
32.55124282836914
32.560813903808594
32.566192626953125
32.55655288696289
32.55891418457031
32.59245681762695
32.56180191040039
32.595848083496094
32.56379699707031
32.5858039855957
32.61024475097656